ReR Wo Q T Omega Re(fsamp_0) Re(fsamp_1) Im(fsamp_1)
1700   5 1.0e-03 4.272566008882119e+02 1.470588235294118e-02 7.945995868571810e-02 5.684485155096026e-05 2.338208402804760e-05
1700   5 2.0e-03 4.272566008882119e+02 1.470588235294118e-02 7.945999724842213e-02 1.136896923950684e-04 4.676417107963660e-05
1700   5 3.0e-03 4.272566008882119e+02 1.470588235294118e-02 7.946006151970014e-02 1.705345118247420e-04 7.014626417874117e-05
1700   5 4.0e-03 4.272566008882119e+02 1.470588235294118e-02 7.946015149684223e-02 2.273792991277990e-04 9.352836629165618e-05
1700   5 5.0e-03 4.272566008882119e+02 1.470588235294118e-02 7.946026718805441e-02 2.842240436002032e-04 1.169104806173366e-04
1700   5 6.0e-03 4.272566008882119e+02 1.470588235294118e-02 7.946040858277467e-02 3.410687345286406e-04 1.402926098088570e-04
1700   5 8.0e-03 4.272566008882119e+02 1.470588235294118e-02 7.946076850564185e-02 4.547579128230537e-04 1.870569261803627e-04
1700   5 1.0e-02 4.272566008882119e+02 1.470588235294118e-02 7.946123126185206e-02 5.684467481706633e-04 2.338213393606960e-04
1700   5 2.0e-02 4.272566008882119e+02 1.470588235294118e-02 7.946508762367860e-02 1.136882769575634e-03 4.676457058789517e-04
1700   5 3.0e-02 4.272566008882119e+02 1.470588235294118e-02 7.947151508287259e-02 1.705297255983209e-03 7.014761461434840e-04
1700   5 4.0e-02 4.272566008882119e+02 1.470588235294118e-02 7.948051390793454e-02 2.273679187543086e-03 9.353158075072398e-04
1700   5 5.0e-02 4.272566008882119e+02 1.470588235294118e-02 7.949208449463954e-02 2.842017242214094e-03 1.169167762833647e-03
1700   5 6.0e-02 4.272566008882119e+02 1.470588235294118e-02 7.950622725599124e-02 3.410299976703633e-03 1.403035270648660e-03
1700   5 7.0e-02 4.272566008882119e+02 1.470588235294118e-02 7.952294262937126e-02 3.978515183467432e-03 1.636921726528580e-03
1700   5 8.0e-02 4.272566008882119e+02 1.470588235294118e-02 7.954223103339546e-02 4.546650324531690e-03 1.870830569161324e-03
1700   5 9.0e-02 4.272566008882119e+02 1.470588235294118e-02 7.956409281716698e-02 5.114692214620658e-03 2.104765397851481e-03
1700   5 1.0e-01 4.272566008882119e+02 1.470588235294118e-02 7.958852821569552e-02 5.682626985401321e-03 2.338729960556347e-03
1700   5 1.5e-01 4.272566008882119e+02 1.470588235294118e-02 7.974930259858125e-02 8.520151100691736e-03 3.509142013634848e-03
1700   5 2.0e-01 4.272566008882119e+02 1.470588235294118e-02 7.997428006531872e-02 1.135238623858052e-02 4.680969374842736e-03
1700   5 2.5e-01 4.272566008882119e+02 1.470588235294118e-02 8.026286949247877e-02 1.417626656815240e-02 5.854966755158023e-03
1700  10 1.0e-03 1.068141502220530e+02 5.882352941176471e-02 7.945995971390710e-02 5.384020932958141e-05 9.593975296653299e-05
1700  10 2.0e-03 1.068141502220530e+02 5.882352941176471e-02 7.946000135997668e-02 1.076804231256952e-04 1.918795039028040e-04
1700  10 3.0e-03 1.068141502220530e+02 5.882352941176471e-02 7.946007078111168e-02 1.615205821652975e-04 2.878192988266236e-04
1700  10 5.0e-03 1.068141502220530e+02 5.882352941176471e-02 7.946029291900415e-02 2.692008412319096e-04 4.796989468931035e-04
1700  10 1.0e-02 1.068141502220530e+02 5.882352941176471e-02 7.946133416216351e-02 5.384004713631234e-04 9.593989770373281e-04
1700  10 5.0e-02 1.068141502220530e+02 5.882352941176471e-02 7.949463736174728e-02 2.691805955540731e-03 4.797172293758084e-03
1700  10 1.0e-01 1.068141502220530e+02 5.882352941176471e-02 7.959847442962439e-02 5.382317965893957e-03 9.595557167568805e-03
1700  15 1.0e-03 4.747295565424576e+01 1.323529411764706e-01 7.945995845927770e-02 5.220950015443463e-05 2.222781100589535e-04
1700  15 2.0e-03 4.747295565424576e+01 1.323529411764706e-01 7.945999634387137e-02 1.044189893275138e-04 4.445562818526736e-04
1700  15 3.0e-03 4.747295565424576e+01 1.323529411764706e-01 7.946005948668103e-02 1.566284435801066e-04 6.668345169877480e-04
1700  15 4.0e-03 4.747295565424576e+01 1.323529411764706e-01 7.946014789290701e-02 2.088378494922841e-04 8.891128656186961e-04
1700  15 5.0e-03 4.747295565424576e+01 1.323529411764706e-01 7.946026156047391e-02 2.610471907287898e-04 1.111391363622234e-03
1700  15 6.0e-03 4.747295565424576e+01 1.323529411764706e-01 7.946040051512634e-02 3.132564523490121e-04 1.333670054034261e-03
1700  15 8.0e-03 4.747295565424576e+01 1.323529411764706e-01 7.946075423095135e-02 4.176746685442599e-04 1.778228138560413e-03
1700  15 1.0e-02 4.747295565424576e+01 1.323529411764706e-01 7.946120910957429e-02 5.220923751187649e-04 2.222787414301333e-03
1700  15 2.0e-02 4.747295565424576e+01 1.323529411764706e-01 7.946500466835224e-02 1.044169071925077e-03 4.445611701547486e-03
1700  15 3.0e-02 4.747295565424576e+01 1.323529411764706e-01 7.947134879399594e-02 1.566215073718203e-03 6.668506519388949e-03
1700  15 4.0e-02 4.747295565424576e+01 1.323529411764706e-01 7.948026697498722e-02 2.088218604368996e-03 8.891498323432201e-03
1700  15 5.0e-02 4.747295565424576e+01 1.323529411764706e-01 7.949178959904142e-02 2.610169457048899e-03 1.111460388763594e-02
1700  15 6.0e-02 4.747295565424576e+01 1.323529411764706e-01 7.950594834619680e-02 3.132062760508978e-03 1.333783012354405e-02
1700  15 7.0e-02 4.747295565424576e+01 1.323529411764706e-01 7.952277748282416e-02 3.653883481812764e-03 1.556116295590150e-02
1700  20 1.0e-03 2.670353755551324e+01 2.352941176470588e-01 7.945995502728569e-02 5.369682767544696e-05 3.969524459270757e-04
1700  20 2.0e-03 2.670353755551324e+01 2.352941176470588e-01 7.945998261940203e-02 1.073938629202597e-04 7.939047852404292e-04
1700  20 3.0e-03 2.670353755551324e+01 2.352941176470588e-01 7.946002862254746e-02 1.610913126978626e-04 1.190856911574278e-03
1700  20 4.0e-03 2.670353755551324e+01 2.352941176470588e-01 7.946009305158094e-02 2.147893842742770e-04 1.587808717762667e-03
1700  20 5.0e-03 2.670353755551324e+01 2.352941176470588e-01 7.946017597321893e-02 2.684882770914720e-04 1.984760102558380e-03
1700  20 6.0e-03 2.670353755551324e+01 2.352941176470588e-01 7.946027738373564e-02 3.221882081856003e-04 2.381710948005627e-03
1700  20 8.0e-03 2.670353755551324e+01 2.352941176470588e-01 7.946053602203251e-02 4.295920018146932e-04 3.175610654530715e-03
1700  20 1.0e-02 2.670353755551324e+01 2.352941176470588e-01 7.946086949964302e-02 5.370020494031294e-04 3.969507066040795e-03
1700  20 2.0e-02 2.670353755551324e+01 2.352941176470588e-01 7.946368757362687e-02 1.074199664290891e-03 7.938909813611793e-03
1700  20 3.0e-02 2.670353755551324e+01 2.352941176470588e-01 7.946852727501059e-02 1.611741995359081e-03 1.190811809622970e-02
1700  20 4.0e-02 2.670353755551324e+01 2.352941176470588e-01 7.947555404721575e-02 2.149695798296931e-03 1.587707912406330e-02
1700  21 1.0e-03 2.422089574196212e+01 2.594117647058823e-01 7.945995504006255e-02 5.466174544548003e-05 4.379631883684161e-04
1700  21 2.0e-03 2.422089574196212e+01 2.594117647058823e-01 7.945998267204889e-02 1.093236457898449e-04 8.759261218718151e-04
1700  21 3.0e-03 2.422089574196212e+01 2.594117647058823e-01 7.946002874636553e-02 1.639858555764247e-04 1.313888546443558e-03
1700  22 1.0e-03 2.206903930207706e+01 2.847058823529412e-01 7.945995565984589e-02 5.605611498232693e-05 4.803818803244422e-04
1700  22 2.0e-03 2.206903930207706e+01 2.847058823529412e-01 7.945998515306407e-02 1.121122299241437e-04 9.607633863799011e-04
1700  22 3.0e-03 2.206903930207706e+01 2.847058823529412e-01 7.946003433545558e-02 1.681683450105513e-04 1.441144145057969e-03
1700  23 1.0e-03 2.019171081702325e+01 3.111764705882353e-01 7.945995696597566e-02 5.734402337478519e-05 5.239341423534697e-04
1700  23 2.0e-03 2.019171081702325e+01 3.111764705882353e-01 7.945999037906649e-02 1.146878461052768e-04 1.047867884562463e-03
1700  23 3.0e-03 2.019171081702325e+01 3.111764705882353e-01 7.946004610148422e-02 1.720312690168747e-04 1.571800827006662e-03
1700  24 1.0e-03 1.854412330243975e+01 3.388235294117647e-01 7.945995885849361e-02 5.790117263354177e-05 5.688723210583826e-04
1700  24 2.0e-03 1.854412330243975e+01 3.388235294117647e-01 7.945999794025621e-02 1.158018144041973e-04 1.137744186252838e-03
1700  24 3.0e-03 1.854412330243975e+01 3.388235294117647e-01 7.946006312340015e-02 1.737013940920684e-04 1.706615146754291e-03
1700  25 1.0e-03 1.709026403552847e+01 3.676470588235294e-01 7.945996097943969e-02 5.745922550899783e-05 6.158594226323592e-04
1700  25 2.0e-03 1.709026403552847e+01 3.676470588235294e-01 7.946000642781366e-02 1.149175812199008e-04 1.231718746553562e-03
1700  25 3.0e-03 1.709026403552847e+01 3.676470588235294e-01 7.946008219353616e-02 1.723741987164838e-04 1.847577873332061e-03
1700  25 4.0e-03 1.709026403552847e+01 3.676470588235294e-01 7.946018828876084e-02 2.298282342890330e-04 2.463436703566726e-03
1700  25 5.0e-03 1.709026403552847e+01 3.676470588235294e-01 7.946032479184957e-02 2.872787604651133e-04 3.079295144965967e-03
1700  25 6.0e-03 1.709026403552847e+01 3.676470588235294e-01 7.946049169134335e-02 3.447252005370728e-04 3.695153052594117e-03
1700  25 8.0e-03 1.709026403552847e+01 3.676470588235294e-01 7.946091699004063e-02 4.596019766499294e-04 4.926866982610663e-03
1700  25 1.0e-02 1.709026403552847e+01 3.676470588235294e-01 7.946146477408431e-02 5.744511247083979e-04 6.158578714034536e-03
1700  25 2.0e-02 1.709026403552847e+01 3.676470588235294e-01 7.946606289678443e-02 1.148102886715920e-03 1.231707885709794e-02
1700  26 1.0e-03 1.580090979616168e+01 3.976470588235294e-01 7.945996268001983e-02 5.627744460818394e-05 6.655913919983000e-04
1700  26 2.0e-03 1.580090979616168e+01 3.976470588235294e-01 7.946001321760719e-02 1.125538935798783e-04 1.331183057025342e-03
1700  26 3.0e-03 1.580090979616168e+01 3.976470588235294e-01 7.946009742235025e-02 1.688283556555921e-04 1.996775269448562e-03
1700  27 1.0e-03 1.465214680686598e+01 4.288235294117647e-01 7.945996337886616e-02 5.503002782955978e-05 7.184643393391291e-04
1700  27 2.0e-03 1.465214680686598e+01 4.288235294117647e-01 7.946001598634909e-02 1.100590941337177e-04 1.436929597186206e-03
1700  27 3.0e-03 1.465214680686598e+01 4.288235294117647e-01 7.946010355172611e-02 1.650862448131975e-04 2.155396688622757e-03
1700  28 1.0e-03 1.362425385485369e+01 4.611764705882353e-01 7.945996306061699e-02 5.458508474765401e-05 7.743732919257641e-04
1700  28 2.0e-03 1.362425385485369e+01 4.611764705882353e-01 7.946001470447184e-02 1.091701147896837e-04 1.548748036508416e-03
1700  28 3.0e-03 1.362425385485369e+01 4.611764705882353e-01 7.946010063163439e-02 1.637550371772596e-04 2.323125674594565e-03
1700  29 1.0e-03 1.270085020476254e+01 4.947058823529412e-01 7.945996237939186e-02 5.567236835291529e-05 8.325547535688305e-04
1700  29 2.0e-03 1.270085020476254e+01 4.947058823529412e-01 7.946001200140880e-02 1.113456170763778e-04 1.665110109312465e-03
1700  29 3.0e-03 1.270085020476254e+01 4.947058823529412e-01 7.946009462913377e-02 1.670206191761154e-04 2.497666669522098e-03
1700  30 1.0e-03 1.186823891356144e+01 5.294117647058824e-01 7.945996238661535e-02 5.828323364268960e-05 8.917007284230759e-04
1700  30 2.0e-03 1.186823891356144e+01 5.294117647058824e-01 7.946001204068821e-02 1.165669854415677e-04 1.783401077604025e-03
1700  30 3.0e-03 1.186823891356144e+01 5.294117647058824e-01 7.946009475633593e-02 1.748517749327345e-04 2.675100672581639e-03
1700  30 4.0e-03 1.186823891356144e+01 5.294117647058824e-01 7.946021048319139e-02 2.331380931114437e-04 3.566799124344182e-03
1700  30 5.0e-03 1.186823891356144e+01 5.294117647058824e-01 7.946035911044222e-02 2.914265596787159e-04 4.458496146610069e-03
1700  30 6.0e-03 1.186823891356144e+01 5.294117647058824e-01 7.946054054379342e-02 3.497172096239966e-04 5.350191152958592e-03
1700  30 8.0e-03 1.186823891356144e+01 5.294117647058824e-01 7.946100130657580e-02 4.663090218174030e-04 7.133573484274599e-03
1700  30 1.0e-02 1.186823891356144e+01 5.294117647058824e-01 7.946159143443216e-02 5.829167666062003e-04 8.916943365075225e-03
1700  30 2.0e-02 1.186823891356144e+01 5.294117647058824e-01 7.946641305759292e-02 1.166317580869735e-03 1.783347613769724e-02
1700  30 3.0e-02 1.186823891356144e+01 5.294117647058824e-01 7.947410037508650e-02 1.750564031236897e-03 2.674914042635268e-02
1700  31 1.0e-03 1.111489596483382e+01 5.652941176470588e-01 7.945996453443734e-02 6.131803916249528e-05 9.507375404446822e-04
1700  31 2.0e-03 1.111489596483382e+01 5.652941176470588e-01 7.946002070342913e-02 1.226354878614391e-04 1.901474380377902e-03
1700  31 3.0e-03 1.111489596483382e+01 5.652941176470588e-01 7.946011428283656e-02 1.839517584707766e-04 2.852209816397193e-03
1700  32 1.0e-03 1.043106935762236e+01 6.023529411764705e-01 7.945997113815581e-02 6.259946173181046e-05 1.009056986527412e-03
1700  32 2.0e-03 1.043106935762236e+01 6.023529411764705e-01 7.946004706622449e-02 1.251968795855106e-04 2.018115046520157e-03
1700  32 3.0e-03 1.043106935762236e+01 6.023529411764705e-01 7.946017355279596e-02 1.877902186723670e-04 3.027175260548153e-03
1700  33 1.0e-03 9.808461912034248e+00 6.405882352941177e-01 7.945996977083800e-02 5.838133524515054e-05 1.071874120893497e-03
1700  33 2.0e-03 9.808461912034248e+00 6.405882352941177e-01 7.946004161082150e-02 1.167618918846625e-04 2.143749842865412e-03
1700  33 3.0e-03 9.808461912034248e+00 6.405882352941177e-01 7.946016140248026e-02 1.751408984596770e-04 3.215628773933225e-03
1700  34 1.0e-03 9.239978392911155e+00 6.800000000000000e-01 7.945995516635079e-02 5.874884464665234e-05 1.141233589716307e-03
1700  34 2.0e-03 9.239978392911155e+00 6.800000000000000e-01 7.945998319209684e-02 1.174964465739618e-04 2.282468915403189e-03
1700  34 3.0e-03 9.239978392911155e+00 6.800000000000000e-01 7.946002996110633e-02 1.762415692530899e-04 3.423707713961812e-03
1700  35 1.0e-03 8.719522467106364e+00 7.205882352941176e-01 7.945994987500288e-02 6.089552728290498e-05 1.210190262497429e-03
1700  35 2.0e-03 8.719522467106364e+00 7.205882352941176e-01 7.945996200856263e-02 1.217901135292225e-04 2.420383592844817e-03
1700  35 3.0e-03 8.719522467106364e+00 7.205882352941176e-01 7.945998223862942e-02 1.826828217528713e-04 3.630583064296103e-03
1700  35 4.0e-03 8.719522467106364e+00 7.205882352941176e-01 7.946001060310796e-02 2.435727037266794e-04 4.840791771204607e-03
1700  35 5.0e-03 8.719522467106364e+00 7.205882352941176e-01 7.946004705856942e-02 3.044589004666440e-04 6.051012781698448e-03
1700  35 6.0e-03 8.719522467106364e+00 7.205882352941176e-01 7.946009176405520e-02 3.653404035558473e-04 7.261249336098907e-03
1700  35 8.0e-03 8.719522467106364e+00 7.205882352941176e-01 7.946020583290447e-02 4.870861822408820e-04 9.681781109823118e-03
1700  35 1.0e-02 8.719522467106364e+00 7.205882352941176e-01 7.946035446259826e-02 6.088015703926592e-04 1.210241163576931e-02
1700  35 2.0e-02 8.719522467106364e+00 7.205882352941176e-01 7.946175065182365e-02 1.216710086020572e-03 2.420796192567834e-02
1700  36 1.0e-03 8.241832578862113e+00 7.623529411764706e-01 7.945993761975437e-02 6.283412798619254e-05 1.279429141204616e-03
1700  36 2.0e-03 8.241832578862113e+00 7.623529411764706e-01 7.945991297501168e-02 1.256690991766731e-04 2.558866724198141e-03
1700  36 3.0e-03 8.241832578862113e+00 7.623529411764706e-01 7.945987187324718e-02 1.885057773624946e-04 3.838321215188759e-03
1700  37 1.0e-03 7.802348445730677e+00 8.052941176470588e-01 7.945991239124370e-02 6.368390748239715e-05 1.350671152986084e-03
1700  37 2.0e-03 7.802348445730677e+00 8.052941176470588e-01 7.945981199519402e-02 1.273778182960323e-04 2.701355866603227e-03
1700  37 3.0e-03 7.802348445730677e+00 8.052941176470588e-01 7.945964442417257e-02 1.910918580487475e-04 4.052067789740775e-03
1700  38 1.0e-03 7.397101815931646e+00 8.494117647058823e-01 7.945988215037332e-02 6.438871850274723e-05 1.424371428981698e-03
1700  38 2.0e-03 7.397101815931646e+00 8.494117647058823e-01 7.945969110743589e-02 1.288032305366597e-04 2.848751501906392e-03
1700  38 3.0e-03 7.397101815931646e+00 8.494117647058823e-01 7.945937275293487e-02 1.932694814557436e-04 4.273148712811061e-03
1700  39 1.0e-03 7.022626576071858e+00 8.947058823529411e-01 7.945986495783268e-02 6.565094089828001e-05 1.500510049101956e-03
1700  39 2.0e-03 7.022626576071858e+00 8.947058823529411e-01 7.945962330596795e-02 1.313304558977946e-04 3.001009065957290e-03
1700  39 3.0e-03 7.022626576071858e+00 8.947058823529411e-01 7.945922375828028e-02 1.970662363024319e-04 4.501486073311856e-03
1700  40 1.0e-03 6.675884388878311e+00 9.411764705882353e-01 7.945987395267379e-02 6.775201128208786e-05 1.578075386853439e-03
1700  40 2.0e-03 6.675884388878311e+00 9.411764705882353e-01 7.945965938799419e-02 1.355145580387512e-04 3.156132325248517e-03
1700  40 3.0e-03 6.675884388878311e+00 9.411764705882353e-01 7.945930530225842e-02 2.032978317754676e-04 4.734152963779627e-03
1700  40 4.0e-03 6.675884388878311e+00 9.411764705882353e-01 7.945881681877331e-02 2.711114960504104e-04 6.312120674786760e-03
1700  40 5.0e-03 6.675884388878311e+00 9.411764705882353e-01 7.945820090486341e-02 3.389637422555565e-04 7.890020198819592e-03
1700  40 6.0e-03 6.675884388878311e+00 9.411764705882353e-01 7.945746604625689e-02 4.068648216199051e-04 9.467838346243490e-03
1700  40 8.0e-03 6.675884388878311e+00 9.411764705882353e-01 7.945567910271456e-02 5.428314302527665e-04 1.262319023510327e-02
1700  40 1.0e-02 6.675884388878311e+00 9.411764705882353e-01 7.945354289875195e-02 6.790501821337827e-04 1.577811855646374e-02
1700  41 1.0e-03 6.354202868652765e+00 9.888235294117647e-01 7.945989713074429e-02 6.972986916276532e-05 1.656663909955837e-03
1700  41 2.0e-03 6.354202868652765e+00 9.888235294117647e-01 7.945975147844485e-02 1.394594621134825e-04 3.313317749846805e-03
1700  41 3.0e-03 6.354202868652765e+00 9.888235294117647e-01 7.945951018665655e-02 2.091885288905253e-04 4.969951614013755e-03
1700  42 1.0e-03 6.055223935490531e+00 1.037647058823529e+00 7.945991515344886e-02 7.115424999966533e-05 1.736880228416399e-03
1700  42 2.0e-03 6.055223935490531e+00 1.037647058823529e+00 7.945982331160269e-02 1.423065570269744e-04 3.473756471354621e-03
1700  42 3.0e-03 6.055223935490531e+00 1.037647058823529e+00 7.945967075160114e-02 2.134549971090686e-04 5.210624769290568e-03
1700  43 1.0e-03 5.776860477125633e+00 1.087647058823529e+00 7.945992623079456e-02 7.218324734510765e-05 1.819069306669918e-03
1700  43 2.0e-03 5.776860477125633e+00 1.087647058823529e+00 7.945986762815686e-02 1.443649978387509e-04 3.638137248201340e-03
1700  43 3.0e-03 5.776860477125633e+00 1.087647058823529e+00 7.945977011021335e-02 2.165437597110640e-04 5.457202463256896e-03
1700  44 1.0e-03 5.517259825519265e+00 1.138823529411765e+00 7.945993332326490e-02 7.296664994785840e-05 1.903338338649017e-03
1700  44 2.0e-03 5.517259825519265e+00 1.138823529411765e+00 7.945989599414147e-02 1.459324229905581e-04 3.806676308147369e-03
1700  44 3.0e-03 5.517259825519265e+00 1.138823529411765e+00 7.945983380321246e-02 2.188964439939895e-04 5.710013539965307e-03
1700  45 1.0e-03 5.274772850471751e+00 1.191176470588235e+00 7.945993820707235e-02 7.363308740768826e-05 1.989731510035404e-03
1700  45 2.0e-03 5.274772850471751e+00 1.191176470588235e+00 7.945991532467242e-02 1.472657166398062e-04 3.979463001666341e-03
1700  45 3.0e-03 5.274772850471751e+00 1.191176470588235e+00 7.945987724590214e-02 2.208974420151181e-04 5.969194353111329e-03
1700  45 4.0e-03 5.274772850471751e+00 1.191176470588235e+00 7.945982406302793e-02 2.945278100595253e-04 7.958925525253641e-03
1700  45 5.0e-03 5.274772850471751e+00 1.191176470588235e+00 7.945975580195494e-02 3.681563722538531e-04 9.948656458921590e-03
1700  45 6.0e-03 5.274772850471751e+00 1.191176470588235e+00 7.945967267734162e-02 4.417826824180869e-04 1.193838709463540e-02
1700  45 8.0e-03 5.274772850471751e+00 1.191176470588235e+00 7.945946237512236e-02 5.890267873657394e-04 1.591784723550631e-02
1700  45 1.0e-02 5.274772850471751e+00 1.191176470588235e+00 7.945919477088897e-02 7.362566584995013e-04 1.989730547305514e-02
1700  45 2.0e-02 5.274772850471751e+00 1.191176470588235e+00 7.945708440312024e-02 1.472079301216226e-03 3.979455173607622e-02
1700  45 3.0e-02 5.274772850471751e+00 1.191176470588235e+00 7.945402624445119e-02 2.207109713913745e-03 5.969168348805055e-02
1700  45 4.0e-02 5.274772850471751e+00 1.191176470588235e+00 7.945064812458635e-02 2.941128742625542e-03 7.958865699932970e-02
1700  45 5.0e-02 5.274772850471751e+00 1.191176470588235e+00 7.944770736447364e-02 3.674096649720297e-03 9.948545090588580e-02
1700  46 1.0e-03 5.047927704255811e+00 1.244705882352941e+00 7.945994149854863e-02 7.430001907497796e-05 2.078224043166804e-03
1700  46 2.0e-03 5.047927704255811e+00 1.244705882352941e+00 7.945992869838715e-02 1.485997934317388e-04 4.156448101115920e-03
1700  46 3.0e-03 5.047927704255811e+00 1.244705882352941e+00 7.945990731280926e-02 2.228990780816740e-04 6.234672188183782e-03
1700  47 1.0e-03 4.835407434226028e+00 1.299411764705882e+00 7.945994391210481e-02 7.502175713335747e-05 2.168737338742562e-03
1700  47 2.0e-03 4.835407434226028e+00 1.299411764705882e+00 7.945993835142266e-02 1.500433699131131e-04 4.337474724605926e-03
1700  47 3.0e-03 4.835407434226028e+00 1.299411764705882e+00 7.945992901911950e-02 2.250646935768608e-04 6.506212204782086e-03
1700  48 1.0e-03 4.636030825609938e+00 1.355294117647059e+00 7.945994599635173e-02 7.577435717333501e-05 2.261212462606391e-03
1700  48 2.0e-03 4.636030825609938e+00 1.355294117647059e+00 7.945994650543682e-02 1.515486527996605e-04 4.522424991969597e-03
1700  48 3.0e-03 4.636030825609938e+00 1.355294117647059e+00 7.945994735815089e-02 2.273228075135992e-04 6.783637646817475e-03
1700  49 1.0e-03 4.448735952605288e+00 1.412352941176471e+00 7.945994795680543e-02 7.651656448125653e-05 2.355661383371351e-03
1700  49 2.0e-03 4.448735952605288e+00 1.412352941176471e+00 7.945995436515613e-02 1.530331282596109e-04 4.711322813857389e-03
1700  49 3.0e-03 4.448735952605288e+00 1.412352941176471e+00 7.945996503632106e-02 2.295496726913597e-04 7.066984337931260e-03
1700  50 1.0e-03 4.272566008882118e+00 1.470588235294118e+00 7.945994969738963e-02 7.726408003608002e-05 2.452137968762675e-03
1700  50 2.0e-03 4.272566008882118e+00 1.470588235294118e+00 7.945996131080164e-02 1.545281817991019e-04 4.904275945543704e-03
1700  50 3.0e-03 4.272566008882118e+00 1.470588235294118e+00 7.945998066076974e-02 2.317923120686448e-04 7.356413942030286e-03
1700  50 5.0e-03 4.272566008882118e+00 1.470588235294118e+00 7.946004258620158e-02 3.863207300479365e-04 1.226069003002048e-02
1700  50 1.0e-02 4.272566008882118e+00 1.470588235294118e+00 7.946033297390870e-02 7.726434265748739e-04 2.452138125365775e-02
1700  50 5.0e-02 4.272566008882118e+00 1.470588235294118e+00 7.946971912778100e-02 3.863522568535008e-03 1.226071225387540e-01
1700  50 1.0e-01 4.272566008882118e+00 1.470588235294118e+00 7.950026676803704e-02 7.728596173187935e-03 2.452159627311286e-01
1700  51 1.0e-03 4.106657063516069e+00 1.530000000000000e+00 7.945995080497757e-02 7.809933294229042e-05 2.550652199779022e-03
1700  51 2.0e-03 4.106657063516069e+00 1.530000000000000e+00 7.945996567959000e-02 1.561986706295921e-04 5.101304388133907e-03
1700  51 3.0e-03 4.106657063516069e+00 1.530000000000000e+00 7.945999048111035e-02 2.342980178839161e-04 7.651956553545051e-03
1700  52 1.0e-03 3.950227449040420e+00 1.590588235294118e+00 7.945995114429116e-02 7.907630955246472e-05 2.651121335920714e-03
1700  52 2.0e-03 3.950227449040420e+00 1.590588235294118e+00 7.945996703321657e-02 1.581526152711270e-04 5.302242668402620e-03
1700  52 3.0e-03 3.950227449040420e+00 1.590588235294118e+00 7.945999351995303e-02 2.372289133437798e-04 7.953363993995896e-03
1700  53 1.0e-03 3.802568537630935e+00 1.652352941176471e+00 7.945995104887928e-02 8.014110727585177e-05 2.753483811314786e-03
1700  53 2.0e-03 3.802568537630935e+00 1.652352941176471e+00 7.945996665092514e-02 1.602822234147730e-04 5.506967625049122e-03
1700  53 3.0e-03 3.802568537630935e+00 1.652352941176471e+00 7.945999266727835e-02 2.404233572831824e-04 8.260451443552367e-03
1700  54 1.0e-03 3.663036701716494e+00 1.715294117647059e+00 7.945995032360738e-02 8.129232093770957e-05 2.857787895847840e-03
1700  54 2.0e-03 3.663036701716494e+00 1.715294117647059e+00 7.945996374756872e-02 1.625846585999375e-04 5.715575778994125e-03
1700  54 3.0e-03 3.663036701716494e+00 1.715294117647059e+00 7.945998614249963e-02 2.438770296914428e-04 8.573363636625156e-03
1700  55 1.0e-03 3.531046288332329e+00 1.779411764705882e+00 7.945994883787957e-02 8.263077489534188e-05 2.963920110581047e-03
1700  55 2.0e-03 3.531046288332329e+00 1.779411764705882e+00 7.945995786603914e-02 1.652615477998603e-04 5.927840218452444e-03
1700  55 3.0e-03 3.531046288332329e+00 1.779411764705882e+00 7.945997292019033e-02 2.478923253229125e-04 8.891760264151428e-03
1700  55 5.0e-03 3.531046288332329e+00 1.779411764705882e+00 7.946002108733083e-02 4.131538745006879e-04 1.481960023604511e-02
1700  55 1.0e-02 3.531046288332329e+00 1.779411764705882e+00 7.946024702968590e-02 8.263077404009239e-04 2.963919855848288e-02
1700  55 5.0e-02 3.531046288332329e+00 1.779411764705882e+00 7.946761098526117e-02 4.131541985658118e-03 1.481956901602400e-01
1700  55 1.0e-01 3.531046288332329e+00 1.779411764705882e+00 7.949206928355566e-02 8.263203854680832e-03 2.963895738748245e-01
1700  55 2.0e-01 3.531046288332329e+00 1.779411764705882e+00 7.960347233591623e-02 1.652925789832918e-02 5.927669674015825e-01
1700  56 1.0e-03 3.406063463713424e+00 1.844705882352941e+00 7.945994853469528e-02 8.392291788439185e-05 3.071730122234238e-03
1700  56 2.0e-03 3.406063463713424e+00 1.844705882352941e+00 7.945995660624043e-02 1.678458352689972e-04 6.143460243032285e-03
1700  56 3.0e-03 3.406063463713424e+00 1.844705882352941e+00 7.945997004222112e-02 2.517687516382016e-04 9.215190360997775e-03
1700  57 1.0e-03 3.287600807080731e+00 1.911176470588235e+00 7.945994939354938e-02 8.503805992133049e-05 3.181483269863666e-03
1700  57 2.0e-03 3.287600807080731e+00 1.911176470588235e+00 7.945996004208507e-02 1.700761215059496e-04 6.362966535702660e-03
1700  57 3.0e-03 3.287600807080731e+00 1.911176470588235e+00 7.945997777887263e-02 2.551141864078472e-04 9.544449793543968e-03
1700  58 1.0e-03 3.175212551190635e+00 1.978823529411765e+00 7.945994991390572e-02 8.617468103974666e-05 3.293264828029885e-03
1700  58 2.0e-03 3.175212551190635e+00 1.978823529411765e+00 7.945996210639758e-02 1.723493562820985e-04 6.586529654230860e-03
1700  58 3.0e-03 3.175212551190635e+00 1.978823529411765e+00 7.945998246655746e-02 2.585240350016346e-04 9.879794469375857e-03
1700  59 1.0e-03 3.068490382707640e+00 2.047647058823530e+00 7.945994992094356e-02 8.737871666522764e-05 3.406963250961626e-03
1700  59 2.0e-03 3.068490382707640e+00 2.047647058823530e+00 7.945996219559523e-02 1.747574296726243e-04 6.813926502684741e-03
1700  59 3.0e-03 3.068490382707640e+00 2.047647058823530e+00 7.945998266757856e-02 2.621361482379976e-04 1.022088975015080e-02
1700  60 1.0e-03 2.967059728390360e+00 2.117647058823529e+00 7.945994980048042e-02 8.860889791605611e-05 3.522565676784201e-03
1700  60 2.0e-03 2.967059728390360e+00 2.117647058823529e+00 7.945996171614020e-02 1.772177944814197e-04 7.045131354118493e-03
1700  60 3.0e-03 2.967059728390360e+00 2.117647058823529e+00 7.945998158832972e-02 2.658267008042259e-04 1.056769702611637e-02
1700  60 5.0e-03 2.967059728390360e+00 2.117647058823529e+00 7.946004515732268e-02 4.430445202369792e-04 1.761282836515729e-02
1700  60 1.0e-02 2.967059728390360e+00 2.117647058823529e+00 7.946034315709810e-02 8.860892177142773e-04 3.522565662059895e-02
1700  60 5.0e-02 2.967059728390360e+00 2.117647058823529e+00 7.946989622567818e-02 4.430474818110619e-03 1.761282655746733e-01
1700  60 1.0e-01 2.967059728390360e+00 2.117647058823529e+00 7.949995040441632e-02 8.861138549647866e-03 3.522564225905626e-01
1700  60 2.0e-01 2.967059728390360e+00 2.117647058823529e+00 7.962257175828193e-02 1.772407735037699e-02 7.045120091284329e-01
1700  60 3.0e-01 2.967059728390360e+00 2.117647058823529e+00 7.983269030972755e-02 2.659195581366222e-02 1.056766024496318e+00
1700  65 1.0e-03 2.528145567385869e+00 2.485294117647059e+00 7.945994907731860e-02 9.495121265813290e-05 4.129031469906972e-03
1700  65 2.0e-03 2.528145567385869e+00 2.485294117647059e+00 7.945995884895525e-02 1.899024255641097e-04 8.258062940345477e-03
1700  65 3.0e-03 2.528145567385869e+00 2.485294117647059e+00 7.945997513158884e-02 2.848536462421895e-04 1.238709440784825e-02
1700  65 5.0e-03 2.528145567385869e+00 2.485294117647059e+00 7.946002722923068e-02 4.747561018711827e-04 2.064515734173152e-02
1700  65 1.0e-02 2.528145567385869e+00 2.485294117647059e+00 7.946027143432782e-02 9.495124362538987e-04 4.129031463972308e-02
1700  65 5.0e-02 2.528145567385869e+00 2.485294117647059e+00 7.946809516380664e-02 4.747599407491278e-03 2.064515662065968e-01
1700  65 1.0e-01 2.528145567385869e+00 2.485294117647059e+00 7.949265744243313e-02 9.495432053232170e-03 4.129030889132982e-01
1700  65 2.0e-01 2.528145567385869e+00 2.485294117647059e+00 7.959254163727277e-02 1.899274521849932e-02 8.258058397976344e-01
1700  65 3.0e-01 2.528145567385869e+00 2.485294117647059e+00 7.976432783187035e-02 2.849384582235841e-02 1.238708013035970e+00
1700  65 4.0e-01 2.528145567385869e+00 2.485294117647059e+00 8.001497302138183e-02 3.800044078883216e-02 1.651609715610627e+00
1700  65 5.0e-01 2.528145567385869e+00 2.485294117647059e+00 8.035463144273219e-02 4.751342192526572e-02 2.064511681583551e+00
1700  70 1.0e-03 2.179880616776591e+00 2.882352941176471e+00 7.945994854242756e-02 1.014450670195511e-04 4.783228807140278e-03
1700  70 2.0e-03 2.179880616776591e+00 2.882352941176471e+00 7.945995670515446e-02 2.028901348918740e-04 9.566457614717293e-03
1700  70 3.0e-03 2.179880616776591e+00 2.882352941176471e+00 7.945997030638889e-02 3.043352096521214e-04 1.434968642046399e-02
1700  70 5.0e-03 2.179880616776591e+00 2.882352941176471e+00 7.946001382445939e-02 5.072253760911441e-04 2.391614403199994e-02
1700  70 1.0e-02 2.179880616776591e+00 2.882352941176471e+00 7.946021780979429e-02 1.014451002220950e-03 4.783228804437233e-02
1700  70 5.0e-02 2.179880616776591e+00 2.882352941176471e+00 7.946675024333252e-02 5.072295009919911e-03 2.391614370742152e-01
1700  70 1.0e-01 2.179880616776591e+00 2.882352941176471e+00 7.948722515093315e-02 1.014483982273386e-02 4.783228543054490e-01
1700  70 2.0e-01 2.179880616776591e+00 2.882352941176471e+00 7.957003834455567e-02 2.029167185131910e-02 9.566455454099084e-01
1700  70 3.0e-01 2.179880616776591e+00 2.882352941176471e+00 7.971121092455004e-02 3.044244620761108e-02 1.434967896654527e+00
1700  70 4.0e-01 2.179880616776591e+00 2.882352941176471e+00 7.991509694975091e-02 4.059898525341619e-02 1.913289756106988e+00
1700  70 5.0e-01 2.179880616776591e+00 2.882352941176471e+00 8.018702172169437e-02 5.076280518109189e-02 2.391611144595687e+00
1700  75 1.0e-03 1.898918226169831e+00 3.308823529411764e+00 7.945994804288421e-02 1.080789248347325e-04 5.485157159752519e-03
1700  75 2.0e-03 1.898918226169831e+00 3.308823529411764e+00 7.945995469999832e-02 2.161578504933094e-04 1.097031431964794e-02
1700  75 3.0e-03 1.898918226169831e+00 3.308823529411764e+00 7.945996579297795e-02 3.242367816320074e-04 1.645547147794888e-02
1700  75 5.0e-03 1.898918226169831e+00 3.308823529411764e+00 7.946000128570556e-02 5.403946583542192e-04 2.742578579298476e-02
1700  75 1.0e-02 1.898918226169831e+00 3.308823529411764e+00 7.946016765213587e-02 1.080789525778781e-03 5.485157155233982e-02
1700  75 5.0e-02 1.898918226169831e+00 3.308823529411764e+00 7.946549421584885e-02 5.403981075838898e-03 2.742578523775783e-01
1700  75 1.0e-01 1.898918226169831e+00 3.308823529411764e+00 7.948217524722159e-02 1.080817108645894e-02 5.485156710214824e-01
1700  75 2.0e-01 1.898918226169831e+00 3.308823529411764e+00 7.954944020044928e-02 2.161801035832572e-02 1.097031069646075e+00
1700  75 3.0e-01 1.898918226169831e+00 3.308823529411764e+00 7.966348704634904e-02 3.243116665659351e-02 1.645545910612237e+00
1700  75 4.0e-01 1.898918226169831e+00 3.308823529411764e+00 7.982723888099753e-02 4.324924222955008e-02 2.194059888115228e+00
1700  75 5.0e-01 1.898918226169831e+00 3.308823529411764e+00 8.004468155942002e-02 5.407374688695431e-02 2.742572686893280e+00
1700  80 1.0e-03 1.668971097219578e+00 3.764705882352941e+00 7.945994761265698e-02 1.148020677037049e-04 6.234843029773285e-03
1700  80 2.0e-03 1.668971097219578e+00 3.764705882352941e+00 7.945995296879668e-02 2.296041360664008e-04 1.246968605956703e-02
1700  80 3.0e-03 1.668971097219578e+00 3.764705882352941e+00 7.945996191222286e-02 3.444062087138574e-04 1.870452908801568e-02
1700  80 5.0e-03 1.668971097219578e+00 3.764705882352941e+00 7.945999050192881e-02 5.740103654024530e-04 3.117421514290977e-02
1700  80 1.0e-02 1.668971097219578e+00 3.764705882352941e+00 7.946012452472093e-02 1.148020895300553e-03 6.234843025028760e-02
1700  80 5.0e-02 1.668971097219578e+00 3.764705882352941e+00 7.946441427433923e-02 5.740130795040950e-03 3.117421455705506e-01
1700  80 1.0e-01 1.668971097219578e+00 3.764705882352941e+00 7.947783345844502e-02 1.148042606212034e-02 6.234842556498271e-01
1700  80 2.0e-01 1.668971097219578e+00 3.764705882352941e+00 7.953171441916070e-02 2.296216727873981e-02 1.246968227949139e+00
1700  80 3.0e-01 1.668971097219578e+00 3.764705882352941e+00 7.962221288538698e-02 3.444653510637451e-02 1.870451637942295e+00
1700  80 4.0e-01 1.668971097219578e+00 3.764705882352941e+00 7.975025527509486e-02 4.593483007654257e-02 2.493934223264643e+00
1700  80 5.0e-01 1.668971097219578e+00 3.764705882352941e+00 7.991684745273880e-02 5.742832847552573e-02 3.117415768084124e+00
1700  90 1.0e-03 1.318693212617938e+00 4.764705882352941e+00 7.945994694752111e-02 1.284122978750454e-04 7.877564287130549e-03
1700  90 2.0e-03 1.318693212617938e+00 4.764705882352941e+00 7.945995030357117e-02 2.568245961470162e-04 1.575512857420551e-02
1700  90 3.0e-03 1.318693212617938e+00 4.764705882352941e+00 7.945995590449448e-02 3.852368971453284e-04 2.363269286038873e-02
1700  90 5.0e-03 1.318693212617938e+00 4.764705882352941e+00 7.945997381835516e-02 6.420615062435450e-04 3.938782143094280e-02
1700  90 1.0e-02 1.318693212617938e+00 4.764705882352941e+00 7.946005778441181e-02 1.284123115627552e-03 7.877564283343731e-02
1700  90 5.0e-02 1.318693212617938e+00 4.764705882352941e+00 7.946274449724154e-02 6.420632081018247e-03 3.938782096189641e-01
1700  90 1.0e-01 1.318693212617938e+00 4.764705882352941e+00 7.947113852551582e-02 1.284136731595097e-02 7.877563908564352e-01
1700  90 2.0e-01 1.318693212617938e+00 4.764705882352941e+00 7.950468606205686e-02 2.568356018636337e-02 1.575512556008407e+00
1700  90 3.0e-01 1.318693212617938e+00 4.764705882352941e+00 7.956050733284703e-02 3.852740584608216e-02 2.363268276635749e+00
1700  90 4.0e-01 1.318693212617938e+00 4.764705882352941e+00 7.963852399894504e-02 5.137373432059363e-02 3.151023345535640e+00
1700  90 5.0e-01 1.318693212617938e+00 4.764705882352941e+00 7.973883892256522e-02 6.422337863643567e-02 3.938777562743020e+00
1700 100 1.0e-03 1.068141502220530e+00 5.882352941176471e+00 7.945994655600840e-02 1.421324613149435e-04 9.711524243252648e-03
1700 100 2.0e-03 1.068141502220530e+00 5.882352941176471e+00 7.945994875767441e-02 2.842649229157116e-04 1.942304848638375e-02
1700 100 3.0e-03 1.068141502220530e+00 5.882352941176471e+00 7.945995242245028e-02 4.263973863992312e-04 2.913457272886203e-02
1700 100 5.0e-03 1.068141502220530e+00 5.882352941176471e+00 7.945996414178261e-02 7.106623182620037e-04 4.855762121214141e-02
1700 100 1.0e-02 1.068141502220530e+00 5.882352941176471e+00 7.946001908483306e-02 1.421324707741245e-03 9.711524239958988e-02
1700 100 5.0e-02 1.068141502220530e+00 5.882352941176471e+00 7.946177750856984e-02 7.106634933602318e-03 4.855762080487089e-01
1700 100 1.0e-01 1.068141502220530e+00 5.882352941176471e+00 7.946727686181394e-02 1.421334108826175e-02 9.711523913849774e-01
1700 100 2.0e-01 1.068141502220530e+00 5.882352941176471e+00 7.948934241227328e-02 2.842725203120692e-02 1.942304584125990e+00
1700 100 3.0e-01 1.068141502220530e+00 5.882352941176471e+00 7.952638630758264e-02 4.264230310411522e-02 2.913456373991229e+00
1700 100 4.0e-01 1.068141502220530e+00 5.882352941176471e+00 7.957889908787182e-02 5.685906527064748e-02 3.884607543051100e+00
1700 100 5.0e-01 1.068141502220530e+00 5.882352941176471e+00 7.964771967448486e-02 7.107811007983190e-02 4.855757847687631e+00
